0 17
0 18
0 23
0 24
0 47
0 48
0 65
0 66
0 67
1 19
1 23
1 24
1 26
1 47
1 48
1 56
1 65
1 66
1 67
2 14
2 19
2 20
2 22
2 27
2 28
2 55
2 57
2 63
2 64
2 65
2 66
2 67
2 68
2 69
2 70
2 71
3 12
3 13
3 15
3 17
3 18
3 22
3 23
3 24
3 26
3 55
3 60
3 63
3 64
3 69
3 72
4 11
4 13
4 14
4 22
4 23
4 24
4 60
4 65
4 68
4 69
4 71
4 72
5 1
5 2
5 23
5 56
5 59
5 64
5 67
6 1
6 3
6 10
6 14
6 15
6 56
6 57
6 65
6 66
6 67
7 2
7 11
7 15
7 36
7 66
8 12
8 13
8 14
8 15
8 35
8 38
9 4
9 35
9 38
9 50
9 51
9 52
9 59
9 70
9 71
10 2
10 5
10 6
10 19
10 35
10 38
10 41
10 42
10 43
10 50
10 51
10 52
10 56
10 58
10 69
11 1
11 3
11 5
11 6
11 20
11 36
11 37
11 43
11 49
11 70
11 71
12 1
12 3
12 6
12 19
12 35
12 38
12 40
12 42
12 43
12 49
12 50
12 51
12 59
12 60
12 61
13 2
13 3
13 4
13 5
13 7
13 36
13 37
13 40
13 41
13 50
13 52
13 59
13 60
13 61
14 5
14 6
14 40
14 55
14 56
15 16
15 17
15 18
15 51
16 16
16 18
16 19
16 50
16 51
17 12
17 13
17 14
17 20
17 27
17 28
17 49
17 52
17 72
18 11
18 15
18 16
18 17
18 18
18 20
18 27
18 28
18 50
18 51
18 71
18 73
19 9
19 10
19 15
19 16
19 17
19 19
19 47
19 51
19 71
19 73
20 9
20 12
20 14
20 43
20 44
20 46
20 47
20 72
21 9
21 10
21 11
21 13
21 43
21 44
21 45
21 48
21 67
21 68
21 69
22 15
22 17
22 20
22 21
22 31
22 32
22 43
22 45
22 46
23 32
23 35
23 36
23 37
23 45
23 47
23 65
23 71
24 19
24 20
24 21
24 35
24 37
24 45
24 46
24 64
24 66
24 70
24 72
25 30
25 35
25 38
25 45
25 64
25 66
25 70
25 72
26 36
26 38
26 44
26 65
26 71
27 13
27 36
27 37
27 38
27 42
27 43
27 45
27 46
28 11
28 13
28 14
28 42
28 43
28 45
28 46
28 68
28 69
29 13
29 22
29 23
29 41
29 43
29 45
29 68
29 69
30 12
30 13
30 22
30 23
30 41
30 42
30 43
30 46
31 11
31 12
31 15
31 16
31 17
31 41
31 44
31 46
32 5
32 6
32 8
32 10
32 11
32 12
32 44
32 45
32 46
33 5
33 6
33 7
33 25
33 27
33 45
34 4
34 5
34 16
34 37
34 38
34 39
34 43
34 45
35 3
35 5
35 15
35 18
35 36
35 39
35 42
35 45
36 2
36 3
36 4
36 5
36 14
36 18
36 23
36 27
36 34
36 35
36 36
36 38
36 39
36 42
36 44
37 0
37 1
37 2
37 3
37 4
37 10
37 11
37 13
37 19
37 22
37 26
37 32
37 40
37 41
37 42
37 43
38 2
38 13
38 14
38 15
38 16
38 17
38 18
38 24
38 25
38 31
38 32
38 34
38 37
38 38
38 39
38 40
38 41
39 2
39 6
39 7
39 10
39 11
39 12
39 14
39 15
39 17
39 18
39 30
39 37
39 38
39 39
39 40
40 0
40 3
40 10
40 11
40 28
40 30
40 32
40 33
40 38
40 39
40 50
40 51
41 1
41 3
41 6
41 7
41 8
41 11
41 28
41 32
41 33
41 38
41 39
41 40
41 48
41 54
41 55
41 71
41 72
42 1
42 2
42 3
42 11
42 12
42 29
42 30
42 32
42 39
42 40
42 48
42 53
42 54
42 55
42 66
42 67
42 70
42 72
43 12
43 29
43 30
43 32
43 36
43 39
43 40
43 48
43 54
43 56
43 66
43 69
43 70
43 71
44 10
44 11
44 30
44 32
44 37
44 38
44 50
44 51
44 52
44 55
44 64
44 65
44 66
44 68
44 69
44 70
45 7
45 9
45 15
45 16
45 31
45 48
45 49
45 54
45 63
45 67
45 68
46 10
46 11
46 15
46 16
46 31
46 32
46 49
46 51
46 52
46 53
46 54
46 55
46 63
46 65
46 66
47 9
47 10
47 31
47 32
47 50
47 54
47 64
47 65
48 11
48 32
49 31
49 32
49 33
50 10
50 11
50 12
50 16
50 17
50 30
50 32
50 34
50 65
50 66
50 67
51 10
51 11
51 12
51 15
51 18
51 31
51 34
51 64
51 67
51 68
52 10
52 11
52 14
52 15
52 18
52 19
52 31
52 32
52 33
52 34
52 65
52 69
53 10
53 12
53 14
53 15
53 16
53 32
53 47
53 66
53 67
53 68
54 10
54 12
54 13
54 18
54 19
54 38
54 46
54 48
54 49
54 67
55 8
55 10
55 12
55 14
55 16
55 17
55 37
55 38
55 39
55 41
55 42
55 43
55 50
55 51
56 10
56 16
56 37
56 41
56 42
56 43
56 49
56 50
57 3
57 9
57 14
57 37
57 38
57 39
57 71
58 3
58 10
58 11
58 12
58 13
58 37
58 38
58 39
58 70
58 71
58 72
59 3
59 12
59 13
59 37
59 39
59 70
59 72
60 36
60 37
60 39
60 40
60 68
60 69
61 37
61 39
61 41
61 67
61 68
62 40
62 41
62 42
62 68
62 69
63 39
63 41
63 43
63 52
63 72
64 38
64 39
64 40
64 42
64 43
64 44
64 51
64 53
65 39
65 41
65 43
65 51
65 53
66 23
66 40
66 41
66 42
66 52
67 22
67 24
67 41
68 1
68 22
68 24
69 0
69 2
69 23
70 0
70 1
70 16
70 17
71 15
71 18
72 16
72 17
