0 7
0 8
0 36
0 37
1 7
1 8
1 15
1 17
1 36
1 37
2 16
2 18
2 19
3 17
3 18
3 20
4 20
4 21
5 18
5 20
6 18
6 19
8 15
8 16
8 43
9 13
9 14
9 16
9 31
9 43
10 13
10 30
10 32
10 43
11 13
11 14
11 15
11 30
11 32
12 31
14 16
14 17
14 21
14 22
14 24
15 5
15 6
15 7
15 16
15 17
15 21
15 22
15 24
15 25
15 26
16 20
16 24
16 61
16 62
16 63
17 21
17 22
17 28
17 32
17 59
17 61
17 62
17 64
18 21
18 22
18 23
18 24
18 25
18 33
18 34
18 40
18 41
18 57
18 58
18 59
18 61
18 64
18 65
18 67
19 21
19 22
19 23
19 24
19 25
19 26
19 27
19 34
19 40
19 41
19 58
19 59
19 62
19 63
19 66
19 69
20 15
20 16
20 20
20 21
20 27
20 31
20 32
20 34
20 61
20 62
20 69
21 14
21 17
21 19
21 22
21 29
21 30
21 32
21 33
21 52
21 53
21 62
21 64
22 11
22 15
22 17
22 19
22 20
22 22
22 25
22 26
22 30
22 31
22 52
22 53
22 62
22 63
22 64
22 65
22 66
22 68
23 11
23 12
23 16
23 19
23 20
23 22
23 26
23 30
23 31
23 68
24 13
24 20
24 21
24 63
24 64
24 67
25 11
25 14
25 38
25 39
25 40
25 46
25 47
25 48
25 50
25 64
26 6
26 7
26 13
26 45
26 49
26 51
26 65
26 66
26 68
27 5
27 8
27 45
27 47
27 49
27 52
27 59
27 65
27 68
28 6
28 7
28 44
28 45
28 49
28 52
28 57
28 58
28 61
28 69
29 44
29 45
29 51
29 57
29 58
29 60
29 61
29 66
29 67
29 69
30 16
30 17
30 44
30 45
30 50
30 51
30 58
30 60
30 66
30 69
31 16
31 17
31 25
31 26
31 27
31 45
31 47
31 64
31 65
32 46
32 50
32 51
32 64
32 69
33 2
33 39
33 40
33 49
33 50
33 51
33 67
33 70
34 1
34 3
34 29
34 30
34 39
34 40
34 41
34 50
34 51
34 63
34 67
34 71
35 1
35 3
35 28
35 31
35 39
35 40
35 45
35 46
35 48
35 50
35 51
35 63
35 65
35 68
35 70
36 2
36 29
36 31
36 50
36 64
36 69
37 30
37 44
37 46
38 44
39 19
39 20
39 44
39 45
39 46
39 47
39 48
40 8
40 9
40 10
40 19
40 20
40 46
42 14
42 28
42 29
42 30
43 13
43 15
44 13
44 15
45 14
45 20
45 21
45 23
45 24
45 60
45 61
46 25
46 59
46 62
47 11
47 21
47 25
47 30
47 31
47 59
47 62
48 11
48 18
48 20
48 21
48 25
48 29
48 30
48 60
48 61
49 11
49 17
49 19
49 20
49 22
49 23
49 30
49 33
49 41
49 42
50 17
50 19
50 23
50 25
50 26
50 31
50 32
50 33
51 2
51 3
51 7
51 8
51 9
51 13
51 14
51 15
51 18
51 40
51 41
51 42
52 2
52 3
52 31
52 32
52 39
52 41
53 11
53 31
53 34
53 39
53 40
54 11
54 31
54 32
54 33
54 35
54 36
54 61
54 62
54 63
54 71
54 72
55 11
55 18
55 29
55 32
55 35
55 61
55 62
55 63
55 71
55 72
56 16
56 17
56 19
56 20
56 23
56 24
56 28
56 34
57 17
57 19
57 20
57 23
57 24
57 28
57 29
57 30
57 45
57 47
58 10
58 11
58 18
58 19
58 20
58 44
58 47
58 48
58 57
58 58
58 66
58 67
59 4
59 5
59 9
59 12
59 18
59 20
59 43
59 47
59 48
59 57
59 58
59 66
59 67
59 71
60 3
60 6
60 10
60 11
60 19
60 21
60 28
60 43
60 44
60 45
60 46
60 57
60 58
60 66
60 67
60 70
60 71
60 72
61 2
61 3
61 6
61 7
61 10
61 11
61 21
61 22
61 27
61 29
61 30
61 40
61 42
61 66
61 67
61 70
61 71
61 73
62 2
62 3
62 5
62 6
62 7
62 9
62 14
62 17
62 21
62 26
62 27
62 29
62 30
62 39
62 45
62 46
62 65
62 66
62 73
63 2
63 3
63 5
63 7
63 8
63 13
63 38
63 45
63 46
63 54
63 61
63 62
63 72
63 73
64 3
64 4
64 7
64 10
64 17
64 19
64 28
64 38
64 39
64 40
64 41
64 42
64 44
64 53
64 55
64 61
64 65
65 16
65 17
65 18
65 28
65 29
65 30
65 31
65 32
65 52
65 55
65 65
65 66
66 15
66 16
66 17
66 28
66 29
66 34
66 53
66 54
66 65
66 66
67 8
67 9
67 10
67 16
67 28
67 29
67 30
67 31
67 34
67 60
67 65
67 67
67 68
68 9
68 10
68 30
68 59
68 69
69 12
69 13
69 14
69 29
69 30
69 33
69 59
69 65
69 69
70 11
70 12
70 13
70 30
70 32
70 33
70 59
70 64
70 69
71 9
71 10
71 12
71 13
71 31
71 60
71 61
71 67
71 68
72 10
72 11
72 62
72 66
73 62
73 66
